1001,2026-04-02T15:48:19.295
